2020/05/05-13:22:54.124564 3da8 RocksDB version: 5.17.2
2020/05/05-13:22:54.124682 3da8 Git sha rocksdb_build_git_sha:@f438b98e552010613cff8684a7d84191ed785148@
2020/05/05-13:22:54.124725 3da8 Compile date Nov 27 2018
2020/05/05-13:22:54.124763 3da8 DB SUMMARY
2020/05/05-13:22:54.125237 3da8 CURRENT file:  CURRENT
2020/05/05-13:22:54.125275 3da8 IDENTITY file:  IDENTITY
2020/05/05-13:22:54.125409 3da8 MANIFEST file:  MANIFEST-000054 size: 117 Bytes
2020/05/05-13:22:54.125443 3da8 SST files in src/main/DB/TitleInvertedFile dir, Total Num: 2, files: 000051.sst 000053.sst 
2020/05/05-13:22:54.125468 3da8 Write Ahead Log file in src/main/DB/TitleInvertedFile: 000055.log size: 58609 ; 
2020/05/05-13:22:54.125505 3da8                         Options.error_if_exists: 0
2020/05/05-13:22:54.125693 3da8                       Options.create_if_missing: 1
2020/05/05-13:22:54.125709 3da8                         Options.paranoid_checks: 1
2020/05/05-13:22:54.125719 3da8                                     Options.env: 00000198FBE0A930
2020/05/05-13:22:54.125730 3da8                                Options.info_log: 00000198FC469FA0
2020/05/05-13:22:54.125740 3da8                Options.max_file_opening_threads: 16
2020/05/05-13:22:54.125749 3da8                              Options.statistics: 0000000000000000
2020/05/05-13:22:54.125759 3da8                               Options.use_fsync: 0
2020/05/05-13:22:54.125768 3da8                       Options.max_log_file_size: 0
2020/05/05-13:22:54.125778 3da8                  Options.max_manifest_file_size: 1073741824
2020/05/05-13:22:54.125787 3da8                   Options.log_file_time_to_roll: 0
2020/05/05-13:22:54.125797 3da8                       Options.keep_log_file_num: 1000
2020/05/05-13:22:54.125806 3da8                    Options.recycle_log_file_num: 0
2020/05/05-13:22:54.125815 3da8                         Options.allow_fallocate: 1
2020/05/05-13:22:54.125825 3da8                        Options.allow_mmap_reads: 0
2020/05/05-13:22:54.125834 3da8                       Options.allow_mmap_writes: 0
2020/05/05-13:22:54.125843 3da8                        Options.use_direct_reads: 0
2020/05/05-13:22:54.125853 3da8                        Options.use_direct_io_for_flush_and_compaction: 0
2020/05/05-13:22:54.125876 3da8          Options.create_missing_column_families: 0
2020/05/05-13:22:54.125885 3da8                              Options.db_log_dir: 
2020/05/05-13:22:54.125895 3da8                                 Options.wal_dir: src/main/DB/TitleInvertedFile
2020/05/05-13:22:54.125904 3da8                Options.table_cache_numshardbits: 6
2020/05/05-13:22:54.125934 3da8                      Options.max_subcompactions: 1
2020/05/05-13:22:54.125946 3da8                  Options.max_background_flushes: -1
2020/05/05-13:22:54.125956 3da8                         Options.WAL_ttl_seconds: 0
2020/05/05-13:22:54.125965 3da8                       Options.WAL_size_limit_MB: 0
2020/05/05-13:22:54.125975 3da8             Options.manifest_preallocation_size: 4194304
2020/05/05-13:22:54.125984 3da8                     Options.is_fd_close_on_exec: 1
2020/05/05-13:22:54.125993 3da8                   Options.advise_random_on_open: 1
2020/05/05-13:22:54.126005 3da8                    Options.db_write_buffer_size: 0
2020/05/05-13:22:54.126013 3da8                    Options.write_buffer_manager: 00000198FC49F050
2020/05/05-13:22:54.126023 3da8         Options.access_hint_on_compaction_start: 1
2020/05/05-13:22:54.126032 3da8  Options.new_table_reader_for_compaction_inputs: 0
2020/05/05-13:22:54.126041 3da8           Options.random_access_max_buffer_size: 1048576
2020/05/05-13:22:54.126050 3da8                      Options.use_adaptive_mutex: 0
2020/05/05-13:22:54.126059 3da8                            Options.rate_limiter: 0000000000000000
2020/05/05-13:22:54.126069 3da8     Options.sst_file_manager.rate_bytes_per_sec: 0
2020/05/05-13:22:54.126078 3da8                       Options.wal_recovery_mode: 2
2020/05/05-13:22:54.126087 3da8                  Options.enable_thread_tracking: 0
2020/05/05-13:22:54.126096 3da8                  Options.enable_pipelined_write: 0
2020/05/05-13:22:54.126152 3da8         Options.allow_concurrent_memtable_write: 1
2020/05/05-13:22:54.126165 3da8      Options.enable_write_thread_adaptive_yield: 1
2020/05/05-13:22:54.126174 3da8             Options.write_thread_max_yield_usec: 100
2020/05/05-13:22:54.126183 3da8            Options.write_thread_slow_yield_usec: 3
2020/05/05-13:22:54.126192 3da8                               Options.row_cache: None
2020/05/05-13:22:54.126201 3da8                              Options.wal_filter: None
2020/05/05-13:22:54.126211 3da8             Options.avoid_flush_during_recovery: 0
2020/05/05-13:22:54.126220 3da8             Options.allow_ingest_behind: 0
2020/05/05-13:22:54.126229 3da8             Options.preserve_deletes: 0
2020/05/05-13:22:54.126237 3da8             Options.two_write_queues: 0
2020/05/05-13:22:54.126246 3da8             Options.manual_wal_flush: 0
2020/05/05-13:22:54.126255 3da8             Options.max_background_jobs: 2
2020/05/05-13:22:54.126263 3da8             Options.max_background_compactions: -1
2020/05/05-13:22:54.126273 3da8             Options.avoid_flush_during_shutdown: 0
2020/05/05-13:22:54.126282 3da8           Options.writable_file_max_buffer_size: 1048576
2020/05/05-13:22:54.126292 3da8             Options.delayed_write_rate : 16777216
2020/05/05-13:22:54.126300 3da8             Options.max_total_wal_size: 0
2020/05/05-13:22:54.126309 3da8             Options.delete_obsolete_files_period_micros: 21600000000
2020/05/05-13:22:54.126318 3da8                   Options.stats_dump_period_sec: 600
2020/05/05-13:22:54.126327 3da8                          Options.max_open_files: -1
2020/05/05-13:22:54.126336 3da8                          Options.bytes_per_sync: 0
2020/05/05-13:22:54.126345 3da8                      Options.wal_bytes_per_sync: 0
2020/05/05-13:22:54.126355 3da8       Options.compaction_readahead_size: 0
2020/05/05-13:22:54.126364 3da8 Compression algorithms supported:
2020/05/05-13:22:54.126386 3da8 	kZSTD supported: 0
2020/05/05-13:22:54.126395 3da8 	kSnappyCompression supported: 0
2020/05/05-13:22:54.126405 3da8 	kBZip2Compression supported: 0
2020/05/05-13:22:54.126413 3da8 	kZlibCompression supported: 0
2020/05/05-13:22:54.126422 3da8 	kLZ4Compression supported: 0
2020/05/05-13:22:54.126430 3da8 	kXpressCompression supported: 0
2020/05/05-13:22:54.126438 3da8 	kLZ4HCCompression supported: 0
2020/05/05-13:22:54.126447 3da8 	kZSTDNotFinalCompression supported: 0
2020/05/05-13:22:54.126467 3da8 Fast CRC32 supported: Supported on x86
2020/05/05-13:22:54.128237 3da8 [c:\users\aretter\code\rocksdb\db\version_set.cc:3406] Recovering from manifest file: MANIFEST-000054
2020/05/05-13:22:54.128498 3da8 [c:\users\aretter\code\rocksdb\db\column_family.cc:475] --------------- Options for column family [default]:
2020/05/05-13:22:54.128529 3da8               Options.comparator: leveldb.BytewiseComparator
2020/05/05-13:22:54.128539 3da8           Options.merge_operator: None
2020/05/05-13:22:54.128548 3da8        Options.compaction_filter: None
2020/05/05-13:22:54.128558 3da8        Options.compaction_filter_factory: None
2020/05/05-13:22:54.128567 3da8         Options.memtable_factory: SkipListFactory
2020/05/05-13:22:54.128577 3da8            Options.table_factory: BlockBasedTable
2020/05/05-13:22:54.128688 3da8            table_factory options:   flush_block_policy_factory: FlushBlockBySizePolicyFactory (00000198FBF13490)
  cache_index_and_filter_blocks: 0
  cache_index_and_filter_blocks_with_high_priority: 0
  pin_l0_filter_and_index_blocks_in_cache: 0
  pin_top_level_index_and_filter: 1
  index_type: 0
  hash_index_allow_collision: 1
  checksum: 1
  no_block_cache: 0
  block_cache: 00000198FC2FA200
  block_cache_name: LRUCache
  block_cache_options:
    capacity : 8388608
    num_shard_bits : 4
    strict_capacity_limit : 0
    high_pri_pool_ratio: 0.000
  block_cache_compressed: 0000000000000000
  persistent_cache: 0000000000000000
  block_size: 4096
  block_size_deviation: 10
  block_restart_interval: 16
  index_block_restart_interval: 1
  metadata_block_size: 4096
  partition_filters: 0
  use_delta_encoding: 1
  filter_policy: nullptr
  whole_key_filtering: 1
  verify_compression: 0
  read_amp_bytes_per_bit: 0
  format_version: 2
  enable_index_compression: 1
  block_align: 0
2020/05/05-13:22:54.128767 3da8        Options.write_buffer_size: 67108864
2020/05/05-13:22:54.128782 3da8  Options.max_write_buffer_number: 2
2020/05/05-13:22:54.128793 3da8          Options.compression: NoCompression
2020/05/05-13:22:54.128804 3da8                  Options.bottommost_compression: Disabled
2020/05/05-13:22:54.128814 3da8       Options.prefix_extractor: nullptr
2020/05/05-13:22:54.128823 3da8   Options.memtable_insert_with_hint_prefix_extractor: nullptr
2020/05/05-13:22:54.128832 3da8             Options.num_levels: 7
2020/05/05-13:22:54.128841 3da8        Options.min_write_buffer_number_to_merge: 1
2020/05/05-13:22:54.128851 3da8     Options.max_write_buffer_number_to_maintain: 0
2020/05/05-13:22:54.128865 3da8            Options.bottommost_compression_opts.window_bits: -14
2020/05/05-13:22:54.128880 3da8                  Options.bottommost_compression_opts.level: 32767
2020/05/05-13:22:54.128890 3da8               Options.bottommost_compression_opts.strategy: 0
2020/05/05-13:22:54.128900 3da8         Options.bottommost_compression_opts.max_dict_bytes: 0
2020/05/05-13:22:54.128909 3da8         Options.bottommost_compression_opts.zstd_max_train_bytes: 0
2020/05/05-13:22:54.128920 3da8                  Options.bottommost_compression_opts.enabled: false
2020/05/05-13:22:54.128930 3da8            Options.compression_opts.window_bits: -14
2020/05/05-13:22:54.128940 3da8                  Options.compression_opts.level: 32767
2020/05/05-13:22:54.128950 3da8               Options.compression_opts.strategy: 0
2020/05/05-13:22:54.128976 3da8         Options.compression_opts.max_dict_bytes: 0
2020/05/05-13:22:54.128993 3da8         Options.compression_opts.zstd_max_train_bytes: 0
2020/05/05-13:22:54.129010 3da8                  Options.compression_opts.enabled: false
2020/05/05-13:22:54.129021 3da8      Options.level0_file_num_compaction_trigger: 4
2020/05/05-13:22:54.129032 3da8          Options.level0_slowdown_writes_trigger: 20
2020/05/05-13:22:54.129042 3da8              Options.level0_stop_writes_trigger: 36
2020/05/05-13:22:54.129051 3da8                   Options.target_file_size_base: 67108864
2020/05/05-13:22:54.129081 3da8             Options.target_file_size_multiplier: 1
2020/05/05-13:22:54.129091 3da8                Options.max_bytes_for_level_base: 268435456
2020/05/05-13:22:54.129101 3da8 Options.level_compaction_dynamic_level_bytes: 0
2020/05/05-13:22:54.129110 3da8          Options.max_bytes_for_level_multiplier: 10.000000
2020/05/05-13:22:54.129145 3da8 Options.max_bytes_for_level_multiplier_addtl[0]: 1
2020/05/05-13:22:54.129159 3da8 Options.max_bytes_for_level_multiplier_addtl[1]: 1
2020/05/05-13:22:54.129173 3da8 Options.max_bytes_for_level_multiplier_addtl[2]: 1
2020/05/05-13:22:54.129190 3da8 Options.max_bytes_for_level_multiplier_addtl[3]: 1
2020/05/05-13:22:54.129201 3da8 Options.max_bytes_for_level_multiplier_addtl[4]: 1
2020/05/05-13:22:54.129212 3da8 Options.max_bytes_for_level_multiplier_addtl[5]: 1
2020/05/05-13:22:54.129223 3da8 Options.max_bytes_for_level_multiplier_addtl[6]: 1
2020/05/05-13:22:54.129234 3da8       Options.max_sequential_skip_in_iterations: 8
2020/05/05-13:22:54.129245 3da8                    Options.max_compaction_bytes: 1677721600
2020/05/05-13:22:54.129256 3da8                        Options.arena_block_size: 8388608
2020/05/05-13:22:54.129268 3da8   Options.soft_pending_compaction_bytes_limit: 68719476736
2020/05/05-13:22:54.129279 3da8   Options.hard_pending_compaction_bytes_limit: 274877906944
2020/05/05-13:22:54.129289 3da8       Options.rate_limit_delay_max_milliseconds: 100
2020/05/05-13:22:54.129303 3da8                Options.disable_auto_compactions: 0
2020/05/05-13:22:54.129320 3da8                        Options.compaction_style: kCompactionStyleLevel
2020/05/05-13:22:54.129333 3da8                          Options.compaction_pri: kByCompensatedSize
2020/05/05-13:22:54.129346 3da8 Options.compaction_options_universal.size_ratio: 1
2020/05/05-13:22:54.129359 3da8 Options.compaction_options_universal.min_merge_width: 2
2020/05/05-13:22:54.129370 3da8 Options.compaction_options_universal.max_merge_width: 4294967295
2020/05/05-13:22:54.129379 3da8 Options.compaction_options_universal.max_size_amplification_percent: 200
2020/05/05-13:22:54.129389 3da8 Options.compaction_options_universal.compression_size_percent: -1
2020/05/05-13:22:54.129401 3da8 Options.compaction_options_universal.stop_style: kCompactionStopStyleTotalSize
2020/05/05-13:22:54.129412 3da8 Options.compaction_options_fifo.max_table_files_size: 1073741824
2020/05/05-13:22:54.129422 3da8 Options.compaction_options_fifo.allow_compaction: 0
2020/05/05-13:22:54.129431 3da8 Options.compaction_options_fifo.ttl: 0
2020/05/05-13:22:54.129441 3da8                   Options.table_properties_collectors: 
2020/05/05-13:22:54.129451 3da8                   Options.inplace_update_support: 0
2020/05/05-13:22:54.129461 3da8                 Options.inplace_update_num_locks: 10000
2020/05/05-13:22:54.129471 3da8               Options.memtable_prefix_bloom_size_ratio: 0.000000
2020/05/05-13:22:54.129484 3da8   Options.memtable_huge_page_size: 0
2020/05/05-13:22:54.129493 3da8                           Options.bloom_locality: 0
2020/05/05-13:22:54.129503 3da8                    Options.max_successive_merges: 0
2020/05/05-13:22:54.129514 3da8                Options.optimize_filters_for_hits: 0
2020/05/05-13:22:54.129524 3da8                Options.paranoid_file_checks: 0
2020/05/05-13:22:54.129535 3da8                Options.force_consistency_checks: 0
2020/05/05-13:22:54.129545 3da8                Options.report_bg_io_stats: 0
2020/05/05-13:22:54.129556 3da8                               Options.ttl: 0
2020/05/05-13:22:54.132904 3da8 [c:\users\aretter\code\rocksdb\db\version_set.cc:3610] Recovered from manifest file:src/main/DB/TitleInvertedFile/MANIFEST-000054 succeeded,manifest_file_number is 54, next_file_number is 56, last_sequence is 1059, log_number is 0,prev_log_number is 0,max_column_family is 0,min_log_number_to_keep is 0
2020/05/05-13:22:54.132940 3da8 [c:\users\aretter\code\rocksdb\db\version_set.cc:3618] Column family [default] (ID 0), log number is 49
2020/05/05-13:22:54.133704 3da8 EVENT_LOG_v1 {"time_micros": 1588656174133618, "job": 1, "event": "recovery_started", "log_files": [55]}
2020/05/05-13:22:54.133728 3da8 [c:\users\aretter\code\rocksdb\db\db_impl_open.cc:561] Recovering log #55 mode 2
2020/05/05-13:22:54.139375 3da8 EVENT_LOG_v1 {"time_micros": 1588656174139333, "cf_name": "default", "job": 1, "event": "table_file_creation", "file_number": 56, "file_size": 6786, "table_properties": {"data_size": 6111, "index_size": 49, "filter_size": 0, "raw_key_size": 447, "raw_average_key_size": 10, "raw_value_size": 5529, "raw_average_value_size": 125, "num_data_blocks": 2, "num_entries": 44, "filter_policy_name": "", "kDeletedKeys": "0", "kMergeOperands": "0"}}
2020/05/05-13:22:54.139638 3da8 [c:\users\aretter\code\rocksdb\db\version_set.cc:2936] Creating manifest 57
2020/05/05-13:22:54.149459 3da8 EVENT_LOG_v1 {"time_micros": 1588656174149444, "job": 1, "event": "recovery_finished"}
2020/05/05-13:22:54.163271 3da8 [c:\users\aretter\code\rocksdb\db\db_impl_open.cc:1287] DB pointer 00000198FC4C4080
