2020/05/05-13:22:54.165474 3da8 RocksDB version: 5.17.2
2020/05/05-13:22:54.165564 3da8 Git sha rocksdb_build_git_sha:@f438b98e552010613cff8684a7d84191ed785148@
2020/05/05-13:22:54.165591 3da8 Compile date Nov 27 2018
2020/05/05-13:22:54.165607 3da8 DB SUMMARY
2020/05/05-13:22:54.165846 3da8 CURRENT file:  CURRENT
2020/05/05-13:22:54.165868 3da8 IDENTITY file:  IDENTITY
2020/05/05-13:22:54.165940 3da8 MANIFEST file:  MANIFEST-000056 size: 214 Bytes
2020/05/05-13:22:54.165960 3da8 SST files in src/main/DB/BodyInvertedFile dir, Total Num: 4, files: 000051.sst 000053.sst 000055.sst 000061.sst 
2020/05/05-13:22:54.165976 3da8 Write Ahead Log file in src/main/DB/BodyInvertedFile: 000060.log size: 10376973 ; 
2020/05/05-13:22:54.165992 3da8                         Options.error_if_exists: 0
2020/05/05-13:22:54.166116 3da8                       Options.create_if_missing: 1
2020/05/05-13:22:54.166128 3da8                         Options.paranoid_checks: 1
2020/05/05-13:22:54.166135 3da8                                     Options.env: 00000198FBE0A930
2020/05/05-13:22:54.166142 3da8                                Options.info_log: 00000198FC4E5C00
2020/05/05-13:22:54.166149 3da8                Options.max_file_opening_threads: 16
2020/05/05-13:22:54.166155 3da8                              Options.statistics: 0000000000000000
2020/05/05-13:22:54.166162 3da8                               Options.use_fsync: 0
2020/05/05-13:22:54.166168 3da8                       Options.max_log_file_size: 0
2020/05/05-13:22:54.166175 3da8                  Options.max_manifest_file_size: 1073741824
2020/05/05-13:22:54.166181 3da8                   Options.log_file_time_to_roll: 0
2020/05/05-13:22:54.166188 3da8                       Options.keep_log_file_num: 1000
2020/05/05-13:22:54.166194 3da8                    Options.recycle_log_file_num: 0
2020/05/05-13:22:54.166201 3da8                         Options.allow_fallocate: 1
2020/05/05-13:22:54.166207 3da8                        Options.allow_mmap_reads: 0
2020/05/05-13:22:54.166214 3da8                       Options.allow_mmap_writes: 0
2020/05/05-13:22:54.166220 3da8                        Options.use_direct_reads: 0
2020/05/05-13:22:54.166226 3da8                        Options.use_direct_io_for_flush_and_compaction: 0
2020/05/05-13:22:54.166233 3da8          Options.create_missing_column_families: 0
2020/05/05-13:22:54.166239 3da8                              Options.db_log_dir: 
2020/05/05-13:22:54.166246 3da8                                 Options.wal_dir: src/main/DB/BodyInvertedFile
2020/05/05-13:22:54.166252 3da8                Options.table_cache_numshardbits: 6
2020/05/05-13:22:54.166259 3da8                      Options.max_subcompactions: 1
2020/05/05-13:22:54.166265 3da8                  Options.max_background_flushes: -1
2020/05/05-13:22:54.166271 3da8                         Options.WAL_ttl_seconds: 0
2020/05/05-13:22:54.166278 3da8                       Options.WAL_size_limit_MB: 0
2020/05/05-13:22:54.166284 3da8             Options.manifest_preallocation_size: 4194304
2020/05/05-13:22:54.166291 3da8                     Options.is_fd_close_on_exec: 1
2020/05/05-13:22:54.166297 3da8                   Options.advise_random_on_open: 1
2020/05/05-13:22:54.166303 3da8                    Options.db_write_buffer_size: 0
2020/05/05-13:22:54.166309 3da8                    Options.write_buffer_manager: 00000198FC4EF1A0
2020/05/05-13:22:54.166316 3da8         Options.access_hint_on_compaction_start: 1
2020/05/05-13:22:54.166322 3da8  Options.new_table_reader_for_compaction_inputs: 0
2020/05/05-13:22:54.166329 3da8           Options.random_access_max_buffer_size: 1048576
2020/05/05-13:22:54.166335 3da8                      Options.use_adaptive_mutex: 0
2020/05/05-13:22:54.166341 3da8                            Options.rate_limiter: 0000000000000000
2020/05/05-13:22:54.166348 3da8     Options.sst_file_manager.rate_bytes_per_sec: 0
2020/05/05-13:22:54.166355 3da8                       Options.wal_recovery_mode: 2
2020/05/05-13:22:54.166361 3da8                  Options.enable_thread_tracking: 0
2020/05/05-13:22:54.166397 3da8                  Options.enable_pipelined_write: 0
2020/05/05-13:22:54.166406 3da8         Options.allow_concurrent_memtable_write: 1
2020/05/05-13:22:54.166413 3da8      Options.enable_write_thread_adaptive_yield: 1
2020/05/05-13:22:54.166419 3da8             Options.write_thread_max_yield_usec: 100
2020/05/05-13:22:54.166426 3da8            Options.write_thread_slow_yield_usec: 3
2020/05/05-13:22:54.166432 3da8                               Options.row_cache: None
2020/05/05-13:22:54.166438 3da8                              Options.wal_filter: None
2020/05/05-13:22:54.166445 3da8             Options.avoid_flush_during_recovery: 0
2020/05/05-13:22:54.166451 3da8             Options.allow_ingest_behind: 0
2020/05/05-13:22:54.166458 3da8             Options.preserve_deletes: 0
2020/05/05-13:22:54.166464 3da8             Options.two_write_queues: 0
2020/05/05-13:22:54.166470 3da8             Options.manual_wal_flush: 0
2020/05/05-13:22:54.166476 3da8             Options.max_background_jobs: 2
2020/05/05-13:22:54.166482 3da8             Options.max_background_compactions: -1
2020/05/05-13:22:54.166489 3da8             Options.avoid_flush_during_shutdown: 0
2020/05/05-13:22:54.166495 3da8           Options.writable_file_max_buffer_size: 1048576
2020/05/05-13:22:54.166501 3da8             Options.delayed_write_rate : 16777216
2020/05/05-13:22:54.166508 3da8             Options.max_total_wal_size: 0
2020/05/05-13:22:54.166514 3da8             Options.delete_obsolete_files_period_micros: 21600000000
2020/05/05-13:22:54.166521 3da8                   Options.stats_dump_period_sec: 600
2020/05/05-13:22:54.166527 3da8                          Options.max_open_files: -1
2020/05/05-13:22:54.166533 3da8                          Options.bytes_per_sync: 0
2020/05/05-13:22:54.166540 3da8                      Options.wal_bytes_per_sync: 0
2020/05/05-13:22:54.166546 3da8       Options.compaction_readahead_size: 0
2020/05/05-13:22:54.166552 3da8 Compression algorithms supported:
2020/05/05-13:22:54.166559 3da8 	kZSTD supported: 0
2020/05/05-13:22:54.166565 3da8 	kSnappyCompression supported: 0
2020/05/05-13:22:54.166571 3da8 	kBZip2Compression supported: 0
2020/05/05-13:22:54.166577 3da8 	kZlibCompression supported: 0
2020/05/05-13:22:54.166583 3da8 	kLZ4Compression supported: 0
2020/05/05-13:22:54.166589 3da8 	kXpressCompression supported: 0
2020/05/05-13:22:54.166595 3da8 	kLZ4HCCompression supported: 0
2020/05/05-13:22:54.166601 3da8 	kZSTDNotFinalCompression supported: 0
2020/05/05-13:22:54.166609 3da8 Fast CRC32 supported: Supported on x86
2020/05/05-13:22:54.167601 3da8 [c:\users\aretter\code\rocksdb\db\version_set.cc:3406] Recovering from manifest file: MANIFEST-000056
2020/05/05-13:22:54.167776 3da8 [c:\users\aretter\code\rocksdb\db\column_family.cc:475] --------------- Options for column family [default]:
2020/05/05-13:22:54.167792 3da8               Options.comparator: leveldb.BytewiseComparator
2020/05/05-13:22:54.167802 3da8           Options.merge_operator: None
2020/05/05-13:22:54.167812 3da8        Options.compaction_filter: None
2020/05/05-13:22:54.167821 3da8        Options.compaction_filter_factory: None
2020/05/05-13:22:54.167830 3da8         Options.memtable_factory: SkipListFactory
2020/05/05-13:22:54.167838 3da8            Options.table_factory: BlockBasedTable
2020/05/05-13:22:54.167905 3da8            table_factory options:   flush_block_policy_factory: FlushBlockBySizePolicyFactory (00000198FBF13580)
  cache_index_and_filter_blocks: 0
  cache_index_and_filter_blocks_with_high_priority: 0
  pin_l0_filter_and_index_blocks_in_cache: 0
  pin_top_level_index_and_filter: 1
  index_type: 0
  hash_index_allow_collision: 1
  checksum: 1
  no_block_cache: 0
  block_cache: 00000198FC2F9EE0
  block_cache_name: LRUCache
  block_cache_options:
    capacity : 8388608
    num_shard_bits : 4
    strict_capacity_limit : 0
    high_pri_pool_ratio: 0.000
  block_cache_compressed: 0000000000000000
  persistent_cache: 0000000000000000
  block_size: 4096
  block_size_deviation: 10
  block_restart_interval: 16
  index_block_restart_interval: 1
  metadata_block_size: 4096
  partition_filters: 0
  use_delta_encoding: 1
  filter_policy: nullptr
  whole_key_filtering: 1
  verify_compression: 0
  read_amp_bytes_per_bit: 0
  format_version: 2
  enable_index_compression: 1
  block_align: 0
2020/05/05-13:22:54.167980 3da8        Options.write_buffer_size: 67108864
2020/05/05-13:22:54.167994 3da8  Options.max_write_buffer_number: 2
2020/05/05-13:22:54.168005 3da8          Options.compression: NoCompression
2020/05/05-13:22:54.168015 3da8                  Options.bottommost_compression: Disabled
2020/05/05-13:22:54.168025 3da8       Options.prefix_extractor: nullptr
2020/05/05-13:22:54.168033 3da8   Options.memtable_insert_with_hint_prefix_extractor: nullptr
2020/05/05-13:22:54.168043 3da8             Options.num_levels: 7
2020/05/05-13:22:54.168052 3da8        Options.min_write_buffer_number_to_merge: 1
2020/05/05-13:22:54.168067 3da8     Options.max_write_buffer_number_to_maintain: 0
2020/05/05-13:22:54.168077 3da8            Options.bottommost_compression_opts.window_bits: -14
2020/05/05-13:22:54.168087 3da8                  Options.bottommost_compression_opts.level: 32767
2020/05/05-13:22:54.168096 3da8               Options.bottommost_compression_opts.strategy: 0
2020/05/05-13:22:54.168106 3da8         Options.bottommost_compression_opts.max_dict_bytes: 0
2020/05/05-13:22:54.168116 3da8         Options.bottommost_compression_opts.zstd_max_train_bytes: 0
2020/05/05-13:22:54.168128 3da8                  Options.bottommost_compression_opts.enabled: false
2020/05/05-13:22:54.168141 3da8            Options.compression_opts.window_bits: -14
2020/05/05-13:22:54.168154 3da8                  Options.compression_opts.level: 32767
2020/05/05-13:22:54.168165 3da8               Options.compression_opts.strategy: 0
2020/05/05-13:22:54.168176 3da8         Options.compression_opts.max_dict_bytes: 0
2020/05/05-13:22:54.168186 3da8         Options.compression_opts.zstd_max_train_bytes: 0
2020/05/05-13:22:54.168196 3da8                  Options.compression_opts.enabled: false
2020/05/05-13:22:54.168211 3da8      Options.level0_file_num_compaction_trigger: 4
2020/05/05-13:22:54.168221 3da8          Options.level0_slowdown_writes_trigger: 20
2020/05/05-13:22:54.168230 3da8              Options.level0_stop_writes_trigger: 36
2020/05/05-13:22:54.168240 3da8                   Options.target_file_size_base: 67108864
2020/05/05-13:22:54.168251 3da8             Options.target_file_size_multiplier: 1
2020/05/05-13:22:54.168260 3da8                Options.max_bytes_for_level_base: 268435456
2020/05/05-13:22:54.168276 3da8 Options.level_compaction_dynamic_level_bytes: 0
2020/05/05-13:22:54.168287 3da8          Options.max_bytes_for_level_multiplier: 10.000000
2020/05/05-13:22:54.168300 3da8 Options.max_bytes_for_level_multiplier_addtl[0]: 1
2020/05/05-13:22:54.168310 3da8 Options.max_bytes_for_level_multiplier_addtl[1]: 1
2020/05/05-13:22:54.168321 3da8 Options.max_bytes_for_level_multiplier_addtl[2]: 1
2020/05/05-13:22:54.168332 3da8 Options.max_bytes_for_level_multiplier_addtl[3]: 1
2020/05/05-13:22:54.168343 3da8 Options.max_bytes_for_level_multiplier_addtl[4]: 1
2020/05/05-13:22:54.168354 3da8 Options.max_bytes_for_level_multiplier_addtl[5]: 1
2020/05/05-13:22:54.168364 3da8 Options.max_bytes_for_level_multiplier_addtl[6]: 1
2020/05/05-13:22:54.168375 3da8       Options.max_sequential_skip_in_iterations: 8
2020/05/05-13:22:54.168386 3da8                    Options.max_compaction_bytes: 1677721600
2020/05/05-13:22:54.168400 3da8                        Options.arena_block_size: 8388608
2020/05/05-13:22:54.168412 3da8   Options.soft_pending_compaction_bytes_limit: 68719476736
2020/05/05-13:22:54.168421 3da8   Options.hard_pending_compaction_bytes_limit: 274877906944
2020/05/05-13:22:54.168432 3da8       Options.rate_limit_delay_max_milliseconds: 100
2020/05/05-13:22:54.168442 3da8                Options.disable_auto_compactions: 0
2020/05/05-13:22:54.168453 3da8                        Options.compaction_style: kCompactionStyleLevel
2020/05/05-13:22:54.168464 3da8                          Options.compaction_pri: kByCompensatedSize
2020/05/05-13:22:54.168477 3da8 Options.compaction_options_universal.size_ratio: 1
2020/05/05-13:22:54.168490 3da8 Options.compaction_options_universal.min_merge_width: 2
2020/05/05-13:22:54.168500 3da8 Options.compaction_options_universal.max_merge_width: 4294967295
2020/05/05-13:22:54.168510 3da8 Options.compaction_options_universal.max_size_amplification_percent: 200
2020/05/05-13:22:54.168520 3da8 Options.compaction_options_universal.compression_size_percent: -1
2020/05/05-13:22:54.168531 3da8 Options.compaction_options_universal.stop_style: kCompactionStopStyleTotalSize
2020/05/05-13:22:54.168542 3da8 Options.compaction_options_fifo.max_table_files_size: 1073741824
2020/05/05-13:22:54.168552 3da8 Options.compaction_options_fifo.allow_compaction: 0
2020/05/05-13:22:54.168563 3da8 Options.compaction_options_fifo.ttl: 0
2020/05/05-13:22:54.168572 3da8                   Options.table_properties_collectors: 
2020/05/05-13:22:54.168583 3da8                   Options.inplace_update_support: 0
2020/05/05-13:22:54.168593 3da8                 Options.inplace_update_num_locks: 10000
2020/05/05-13:22:54.168604 3da8               Options.memtable_prefix_bloom_size_ratio: 0.000000
2020/05/05-13:22:54.168615 3da8   Options.memtable_huge_page_size: 0
2020/05/05-13:22:54.168625 3da8                           Options.bloom_locality: 0
2020/05/05-13:22:54.168635 3da8                    Options.max_successive_merges: 0
2020/05/05-13:22:54.168645 3da8                Options.optimize_filters_for_hits: 0
2020/05/05-13:22:54.168655 3da8                Options.paranoid_file_checks: 0
2020/05/05-13:22:54.168665 3da8                Options.force_consistency_checks: 0
2020/05/05-13:22:54.168676 3da8                Options.report_bg_io_stats: 0
2020/05/05-13:22:54.168685 3da8                               Options.ttl: 0
2020/05/05-13:22:54.170954 3da8 [c:\users\aretter\code\rocksdb\db\version_set.cc:3610] Recovered from manifest file:src/main/DB/BodyInvertedFile/MANIFEST-000056 succeeded,manifest_file_number is 56, next_file_number is 63, last_sequence is 152935, log_number is 0,prev_log_number is 0,max_column_family is 0,min_log_number_to_keep is 0
2020/05/05-13:22:54.170983 3da8 [c:\users\aretter\code\rocksdb\db\version_set.cc:3618] Column family [default] (ID 0), log number is 60
2020/05/05-13:22:54.171458 3da8 EVENT_LOG_v1 {"time_micros": 1588656174171446, "job": 1, "event": "recovery_started", "log_files": [60]}
2020/05/05-13:22:54.171474 3da8 [c:\users\aretter\code\rocksdb\db\db_impl_open.cc:561] Recovering log #60 mode 2
2020/05/05-13:22:54.193557 3da8 EVENT_LOG_v1 {"time_micros": 1588656174193527, "cf_name": "default", "job": 1, "event": "table_file_creation", "file_number": 63, "file_size": 659671, "table_properties": {"data_size": 656811, "index_size": 2229, "filter_size": 0, "raw_key_size": 8227, "raw_average_key_size": 11, "raw_value_size": 646241, "raw_average_value_size": 912, "num_data_blocks": 98, "num_entries": 708, "filter_policy_name": "", "kDeletedKeys": "0", "kMergeOperands": "0"}}
2020/05/05-13:22:54.194890 3da8 [c:\users\aretter\code\rocksdb\db\version_set.cc:2936] Creating manifest 64
2020/05/05-13:22:54.204213 3da8 EVENT_LOG_v1 {"time_micros": 1588656174204199, "job": 1, "event": "recovery_finished"}
2020/05/05-13:22:54.216319 3da8 [c:\users\aretter\code\rocksdb\db\db_impl_open.cc:1287] DB pointer 00000198FC4E7430
2020/05/05-13:22:54.216344 4888 [WARN] [c:\users\aretter\code\rocksdb\db\db_impl.cc:625] ------- DUMPING STATS -------
2020/05/05-13:22:54.216373 4888 [WARN] [c:\users\aretter\code\rocksdb\db\db_impl.cc:626] 
** DB Stats **
Uptime(secs): 0.0 total, 0.0 interval
Cumulative writes: 0 writes, 0 keys, 0 commit groups, 0.0 writes per commit group, ingest: 0.00 GB, 0.00 MB/s
Cumulative WAL: 0 writes, 0 syncs, 0.00 writes per sync, written: 0.00 GB, 0.00 MB/s
Cumulative stall: 00:00:0.000 H:M:S, 0.0 percent
Interval writes: 0 writes, 0 keys, 0 commit groups, 0.0 writes per commit group, ingest: 0.00 MB, 0.00 MB/s
Interval WAL: 0 writes, 0 syncs, 0.00 writes per sync, written: 0.00 MB, 0.00 MB/s
Interval stall: 00:00:0.000 H:M:S, 0.0 percent

** Compaction Stats [default] **
Level    Files   Size     Score Read(GB)  Rn(GB) Rnp1(GB) Write(GB) Wnew(GB) Moved(GB) W-Amp Rd(MB/s) Wr(MB/s) Comp(sec) Comp(cnt) Avg(sec) KeyIn KeyDrop
----------------------------------------------------------------------------------------------------------------------------------------------------------
  L0      4/0    2.87 MB   1.0      0.0     0.0      0.0       0.0      0.0       0.0   1.0      0.0     76.1         0         1    0.008       0      0
  L1      1/0   807.25 KB   0.0      0.0     0.0      0.0       0.0      0.0       0.0   0.0      0.0      0.0         0         0    0.000       0      0
 Sum      5/0    3.66 MB   0.0      0.0     0.0      0.0       0.0      0.0       0.0   1.0      0.0     76.1         0         1    0.008       0      0
 Int      0/0    0.00 KB   0.0      0.0     0.0      0.0       0.0      0.0       0.0   1.0      0.0     76.1         0         1    0.008       0      0
Uptime(secs): 0.0 total, 0.0 interval
Flush(GB): cumulative 0.001, interval 0.001
AddFile(GB): cumulative 0.000, interval 0.000
AddFile(Total Files): cumulative 0, interval 0
AddFile(L0 Files): cumulative 0, interval 0
AddFile(Keys): cumulative 0, interval 0
Cumulative compaction: 0.00 GB write, 13.00 MB/s write, 0.00 GB read, 0.00 MB/s read, 0.0 seconds
Interval compaction: 0.00 GB write, 13.00 MB/s write, 0.00 GB read, 0.00 MB/s read, 0.0 seconds
Stalls(count): 0 level0_slowdown, 0 level0_slowdown_with_compaction, 0 level0_numfiles, 0 level0_numfiles_with_compaction, 0 stop for pending_compaction_bytes, 0 slowdown for pending_compaction_bytes, 0 memtable_compaction, 0 memtable_slowdown, interval 0 total count

** File Read Latency Histogram By Level [default] **

** Compaction Stats [default] **
Level    Files   Size     Score Read(GB)  Rn(GB) Rnp1(GB) Write(GB) Wnew(GB) Moved(GB) W-Amp Rd(MB/s) Wr(MB/s) Comp(sec) Comp(cnt) Avg(sec) KeyIn KeyDrop
----------------------------------------------------------------------------------------------------------------------------------------------------------
  L0      4/0    2.87 MB   1.0      0.0     0.0      0.0       0.0      0.0       0.0   1.0      0.0     76.1         0         1    0.008       0      0
  L1      1/0   807.25 KB   0.0      0.0     0.0      0.0       0.0      0.0       0.0   0.0      0.0      0.0         0         0    0.000       0      0
 Sum      5/0    3.66 MB   0.0      0.0     0.0      0.0       0.0      0.0       0.0   1.0      0.0     76.1         0         1    0.008       0      0
 Int      0/0    0.00 KB   0.0      0.0     0.0      0.0       0.0      0.0       0.0   0.0      0.0      0.0         0         0    0.000       0      0
Uptime(secs): 0.0 total, 0.0 interval
Flush(GB): cumulative 0.001, interval 0.000
AddFile(GB): cumulative 0.000, interval 0.000
AddFile(Total Files): cumulative 0, interval 0
AddFile(L0 Files): cumulative 0, interval 0
AddFile(Keys): cumulative 0, interval 0
Cumulative compaction: 0.00 GB write, 12.96 MB/s write, 0.00 GB read, 0.00 MB/s read, 0.0 seconds
Interval compaction: 0.00 GB write, 0.00 MB/s write, 0.00 GB read, 0.00 MB/s read, 0.0 seconds
Stalls(count): 0 level0_slowdown, 0 level0_slowdown_with_compaction, 0 level0_numfiles, 0 level0_numfiles_with_compaction, 0 stop for pending_compaction_bytes, 0 slowdown for pending_compaction_bytes, 0 memtable_compaction, 0 memtable_slowdown, interval 0 total count

** File Read Latency Histogram By Level [default] **
2020/05/05-13:22:54.216641 4888 [c:\users\aretter\code\rocksdb\db\compaction_job.cc:1636] [default] [JOB 3] Compacting 4@0 + 1@1 files to L1, score 1.00
2020/05/05-13:22:54.216680 4888 [c:\users\aretter\code\rocksdb\db\compaction_job.cc:1640] [default] Compaction start summary: Base version 2 Base level 0, inputs: [63(644KB) 61(999KB) 55(380KB) 53(914KB)], [51(807KB)]
2020/05/05-13:22:54.216763 4888 EVENT_LOG_v1 {"time_micros": 1588656174216707, "job": 3, "event": "compaction_started", "compaction_reason": "LevelL0FilesNum", "files_L0": [63, 61, 55, 53], "files_L1": [51], "score": 1, "input_data_size": 3835610}
2020/05/05-13:22:54.241085 4888 [c:\users\aretter\code\rocksdb\db\compaction_job.cc:1324] [default] [JOB 3] Generated table #68: 2422 keys, 1063556 bytes
2020/05/05-13:22:54.241165 4888 EVENT_LOG_v1 {"time_micros": 1588656174241128, "cf_name": "default", "job": 3, "event": "table_file_creation", "file_number": 68, "file_size": 1063556, "table_properties": {"data_size": 1058570, "index_size": 4353, "filter_size": 0, "raw_key_size": 27958, "raw_average_key_size": 11, "raw_value_size": 1025124, "raw_average_value_size": 423, "num_data_blocks": 189, "num_entries": 2422, "filter_policy_name": "", "kDeletedKeys": "0", "kMergeOperands": "0"}}
2020/05/05-13:22:54.241922 4888 [c:\users\aretter\code\rocksdb\db\compaction_job.cc:1390] [default] [JOB 3] Compacted 4@0 + 1@1 files to L1 => 1063556 bytes
2020/05/05-13:22:54.247341 4888 (Original Log Time 2020/05/05-13:22:54.247172) [c:\users\aretter\code\rocksdb\db\compaction_job.cc:752] [default] compacted to: base level 1 max bytes base 268435456 files[0 1 0 0 0 0 0] max score 0.00, MB/sec: 156.2 rd, 43.3 wr, level 1, files in(4, 1) out(1) MB in(2.9, 0.8) out(1.0), read-write-amplify(1.6) write-amplify(0.4) OK, records in: 7918, records dropped: 5496 output_compression: NoCompression
2020/05/05-13:22:54.247365 4888 (Original Log Time 2020/05/05-13:22:54.247255) EVENT_LOG_v1 {"time_micros": 1588656174247200, "job": 3, "event": "compaction_finished", "compaction_time_micros": 24559, "output_level": 1, "num_output_files": 1, "total_output_size": 1063556, "num_input_records": 7918, "num_output_records": 2422, "num_subcompactions": 1, "output_compression": "NoCompression", "num_single_delete_mismatches": 0, "num_single_delete_fallthrough": 0, "lsm_state": [0, 1, 0, 0, 0, 0, 0]}
2020/05/05-13:22:54.247973 4888 EVENT_LOG_v1 {"time_micros": 1588656174247953, "job": 3, "event": "table_file_deletion", "file_number": 63}
2020/05/05-13:22:54.248562 4888 EVENT_LOG_v1 {"time_micros": 1588656174248548, "job": 3, "event": "table_file_deletion", "file_number": 61}
2020/05/05-13:22:54.248988 4888 EVENT_LOG_v1 {"time_micros": 1588656174248976, "job": 3, "event": "table_file_deletion", "file_number": 55}
2020/05/05-13:22:54.250026 4888 EVENT_LOG_v1 {"time_micros": 1588656174250010, "job": 3, "event": "table_file_deletion", "file_number": 53}
2020/05/05-13:22:54.250758 4888 EVENT_LOG_v1 {"time_micros": 1588656174250739, "job": 3, "event": "table_file_deletion", "file_number": 51}
2020/05/05-13:24:16.665552 3da8 [c:\users\aretter\code\rocksdb\db\db_impl_write.cc:1423] [default] New memtable created with log file: #69. Immutable memtables: 0.
2020/05/05-13:24:16.665859 86c [c:\users\aretter\code\rocksdb\db\db_impl_compaction_flush.cc:86] [JOB 4] Syncing log #65
2020/05/05-13:24:16.686229 86c (Original Log Time 2020/05/05-13:24:16.665732) [c:\users\aretter\code\rocksdb\db\db_impl_compaction_flush.cc:1560] Calling FlushMemTableToOutputFile with column family [default], flush slots available 1, compaction slots available 1, flush slots scheduled 1, compaction slots scheduled 0
2020/05/05-13:24:16.686248 86c [c:\users\aretter\code\rocksdb\db\flush_job.cc:304] [default] [JOB 4] Flushing memtable with next log file: 69
2020/05/05-13:24:16.686307 86c EVENT_LOG_v1 {"time_micros": 1588656256686279, "job": 4, "event": "flush_started", "num_memtables": 1, "num_entries": 13844, "num_deletes": 0, "memory_usage": 65024896, "flush_reason": "Write Buffer Full"}
2020/05/05-13:24:16.686322 86c [c:\users\aretter\code\rocksdb\db\flush_job.cc:334] [default] [JOB 4] Level-0 flush table #70: started
2020/05/05-13:24:16.700012 86c EVENT_LOG_v1 {"time_micros": 1588656256699977, "cf_name": "default", "job": 4, "event": "table_file_creation", "file_number": 70, "file_size": 1088285, "table_properties": {"data_size": 1083286, "index_size": 4362, "filter_size": 0, "raw_key_size": 23206, "raw_average_key_size": 11, "raw_value_size": 1054697, "raw_average_value_size": 520, "num_data_blocks": 190, "num_entries": 2025, "filter_policy_name": "", "kDeletedKeys": "0", "kMergeOperands": "0"}}
2020/05/05-13:24:16.700046 86c [c:\users\aretter\code\rocksdb\db\flush_job.cc:374] [default] [JOB 4] Level-0 flush table #70: 1088285 bytes OK
2020/05/05-13:24:16.702754 86c (Original Log Time 2020/05/05-13:24:16.700064) [c:\users\aretter\code\rocksdb\db\memtable_list.cc:377] [default] Level-0 commit table #70 started
2020/05/05-13:24:16.702773 86c (Original Log Time 2020/05/05-13:24:16.702578) [c:\users\aretter\code\rocksdb\db\memtable_list.cc:424] [default] Level-0 commit table #70: memtable #1 done
2020/05/05-13:24:16.702784 86c (Original Log Time 2020/05/05-13:24:16.702606) EVENT_LOG_v1 {"time_micros": 1588656256702591, "job": 4, "event": "flush_finished", "output_compression": "NoCompression", "lsm_state": [1, 1, 0, 0, 0, 0, 0], "immutable_memtables": 0}
2020/05/05-13:24:16.702794 86c (Original Log Time 2020/05/05-13:24:16.702624) [c:\users\aretter\code\rocksdb\db\db_impl_compaction_flush.cc:177] [default] Level summary: base level 1 max bytes base 268435456 files[1 1 0 0 0 0 0] max score 0.25
2020/05/05-13:24:16.702810 86c [c:\users\aretter\code\rocksdb\db\db_impl_files.cc:347] [JOB 4] Try to delete WAL files size 64846053, prev total WAL file size 68387541, number of live WAL files 2.
